30
1 1 45.019844 39.003879
2 2 45.030113 38.979517
3 2 45.102209 38.983856
4 3 45.011440 39.122574
5 3 45.068257 39.025637
6 3 45.051538 38.956475
7 2 45.023609 39.012809
8 3 45.049488 38.803393
9 1 45.069792 38.970211
10 2 45.038534 39.094052
11 2 45.016556 39.054428
12 1 45.039203 39.091735
13 2 45.061726 38.986596
14 2 45.054767 39.001418
15 2 45.060211 39.029266
16 2 45.060211 39.029266
17 2 45.052175 38.959835
18 1 45.063381 38.919267
19 2 45.035935 39.000753
20 2 45.088866 39.036991
21 3 45.043693 38.981691
22 2 45.102209 38.983856
23 2 45.040445 38.970795
24 3 45.046463 38.978915
25 3 45.035273 39.051463
26 3 45.048348 38.978161
27 2 45.085277 39.014929
28 2 45.039464 38.974307
29 2 45.046718 38.977685
30 1 45.037165 38.975636